0.5
-0.491273797
-0.482550252
0.026167978
-0.465121763
0.043577871
0.552264232
-0.439065328
-0.43041345
0.078217233
0.586824089
0.095404498
0.103955845
-0.387524473
0.120960948
-0.370590477
-0.362181322
-0.353814148
-0.345491503
0.162784077
0.171010072
0.179183975
-0.312696703
-0.304634436
-0.296631678
0.711309131
0.719185573
0.22699525
0.234735781
-0.25759519
-0.25
-0.242480963
0.264959632
0.772319518
0.279596452
0.286788218
0.293892626
0.800907512
0.807830738
-0.185339804
0.321393805
0.328029514
-0.165434697
0.34099918
-0.152670815
0.853553391
0.3596699
0.365676851
-0.128427587
0.87735479
0.383022222
-0.111427019
-0.105994623
0.399317755
-0.095491503
0.909576022
-0.085481214
0.419335284
0.924024048
0.92858365
0.933012702
0.937309854
0.441473796
-0.054496738
-0.050602977
-0.046846106
0.456772729
0.460252427
0.963591927
-0.033209787
0.96984631
-0.027240712
-0.024471742
0.978152378
0.480630848
0.982962913
0.985147863
0.487185032
0.4890738
-0.009186408
0.492403877
0.99384417
-0.004865966
0.996273076
0.997260948
-0.001902651
-0.001217975
0.999314767
0.999695414
-7.61524E-05
1
-7.61524E-05
-0.000304586
0.999314767
-0.001217975
-0.001902651
0.997260948
-0.003726924
-0.004865966
0.49384417
0.992403877
-0.009186408
0.4890738
0.487185032
0.485147863
-0.017037087
0.980630848
0.978152378
0.475528258
0.472759288
0.46984631
0.466790213
0.963591927
-0.039747573
0.956772729
0.453153894
0.949397023
0.445503262
0.441473796
0.437309854
-0.066987298
0.42858365
0.924024048
0.419335284
-0.085481214
-0.090423978
-0.095491503
0.899317755
-0.105994623
0.388572981
0.383022222
0.87735479
-0.128427587
0.865676851
0.8596699
0.353553391
0.347329185
-0.15900082
0.834565303
0.328029514
-0.178606195
-0.185339804
-0.192169262
-0.199092488
-0.206107374
0.786788218
0.779596452
0.772319518
0.764959632
0.757519037
0.25
-0.25759519
-0.265264219
0.72699525
0.719185573
0.711309131
0.703368322
-0.304634436
0.687303297
0.679183975
0.671010072
-0.337215923
0.654508497
0.146185852
0.137818678
-0.370590477
0.120960948
0.112475527
0.603955845
-0.404595502
-0.413175911
-0.421782767
0.56958655
0.060934672
0.552264232
0.543577871
0.534878237
0.026167978
0.017449748
0.508726203
-0.5
-0.008726203
0.482550252
0.473832022
-0.534878237
-0.043577871
-0.052264232
-0.060934672
-0.56958655
-0.078217233
-0.086824089
-0.595404498
0.396044155
0.387524473
-0.620960948
-0.629409523
-0.137818678
0.353814148
-0.654508497
-0.162784077
0.328989928
-0.679183975
-0.687303297
-0.195365564
-0.203368322
-0.711309131
0.280814427
0.27300475
-0.734735781
0.25759519
-0.25
0.242480963
-0.764959632
-0.272319518
-0.779596452
-0.286788218
-0.293892626
0.199092488
-0.307830738
-0.814660196
-0.321393805
-0.828029514
-0.334565303
0.15900082
-0.847329185
0.146446609
0.1403301
0.134323149
-0.371572413
-0.87735479
-0.883022222
0.111427019
0.105994623
-0.899317755
-0.904508497
-0.409576022
-0.914518786
-0.419335284
0.075975952
0.07141635
0.066987298
-0.437309854
-0.941473796
-0.945503262
0.050602977
0.046846106
0.043227271
0.039747573
-0.963591927
-0.966790213
0.03015369
-0.972759288
-0.475528258
-0.478152378
-0.480630848
-0.982962913
-0.985147863
0.012814968
-0.9890738
-0.490813592
-0.992403877
0.00615583
-0.995134034
0.003726924
-0.997260948
-0.498097349
-0.998782025
-0.999314767
0.000304586
-0.999923848
-0.5
-0.999923848
-0.999695414
0.000685233
-0.498782025
-0.498097349
-0.497260948
-0.996273076
0.004865966
0.00615583
0.007596123
0.009186408
-0.4890738
0.012814968
0.014852137
-0.482962913
-0.480630848
-0.978152378
-0.975528258
-0.972759288
-0.96984631
-0.466790213
0.036408073
-0.460252427
-0.956772729
0.046846106
-0.949397023
0.054496738
-0.941473796
-0.937309854
-0.933012702
0.07141635
-0.924024048
-0.919335284
-0.414518786
-0.409576022
-0.904508497
-0.399317755
-0.394005377
-0.388572981
-0.383022222
-0.37735479
0.128427587
-0.865676851
0.1403301
-0.353553391
0.152670815
0.15900082
0.165434697
-0.828029514
-0.321393805
0.185339804
-0.807830738
0.199092488
-0.793892626
-0.786788218
-0.279596452
0.227680482
-0.764959632
-0.757519037
-0.25
-0.24240481
0.265264219
-0.72699525
-0.219185573
-0.211309131
-0.203368322
-0.195365564
0.312696703
-0.179183975
-0.671010072
-0.662784077
-0.654508497
-0.646185852
0.362181322
0.370590477
-0.620960948
-0.612475527
-0.103955845
-0.095404498
-0.086824089
-0.578217233
-0.06958655
-0.560934672
-0.052264232
0.456422129
-0.034878237
-0.526167978
-0.017449748
-0.008726203
