0
0.017452
0.034899
0.052336
0.069756
0.087156
0.104528
0.121869
0.139173
0.156434
0.173648
0.190809
0.207912
0.224951
0.241922
0.258819
0.275637
0.292372
0.309017
0.325568
0.34202
0.358368
0.374607
0.390731
0.406737
0.422618
0.438371
0.45399
0.469472
0.48481
0.5
0.515038
0.529919
0.544639
0.559193
0.573576
0.587785
0.601815
0.615661
0.62932
0.642788
0.656059
0.669131
0.681998
0.694658
0.707107
0.71934
0.731354
0.743145
0.75471
0.766044
0.777146
0.788011
0.798636
0.809017
0.819152
0.829038
0.838671
0.848048
0.857167
0.866025
0.87462
0.882948
0.891007
0.898794
0.906308
0.913545
0.920505
0.927184
0.93358
0.939693
0.945519
0.951057
0.956305
0.961262
0.965926
0.970296
0.97437
0.978148
0.981627
0.984808
0.987688
0.990268
0.992546
0.994522
0.996195
0.997564
0.99863
0.999391
0.999848
1
0.999848
0.999391
0.99863
0.997564
0.996195
0.994522
0.992546
0.990268
0.987688
0.984808
0.981627
0.978148
0.97437
0.970296
0.965926
0.961262
0.956305
0.951057
0.945519
0.939693
0.93358
0.927184
0.920505
0.913545
0.906308
0.898794
0.891007
0.882948
0.87462
0.866025
0.857167
0.848048
0.838671
0.829038
0.819152
0.809017
0.798636
0.788011
0.777146
0.766044
0.75471
0.743145
0.731354
0.71934
0.707107
0.694658
0.681998
0.669131
0.656059
0.642788
0.62932
0.615661
0.601815
0.587785
0.573576
0.559193
0.544639
0.529919
0.515038
0.5
0.48481
0.469472
0.45399
0.438371
0.422618
0.406737
0.390731
0.374607
0.358368
0.34202
0.325568
0.309017
0.292372
0.275637
0.258819
0.241922
0.224951
0.207912
0.190809
0.173648
0.156434
0.139173
0.121869
0.104528
0.087156
0.069756
0.052336
0.034899
0.017452
1.23E-16
-0.01745
-0.0349
-0.05234
-0.06976
-0.08716
-0.10453
-0.12187
-0.13917
-0.15643
-0.17365
-0.19081
-0.20791
-0.22495
-0.24192
-0.25882
-0.27564
-0.29237
-0.30902
-0.32557
-0.34202
-0.35837
-0.37461
-0.39073
-0.40674
-0.42262
-0.43837
-0.45399
-0.46947
-0.48481
-0.5
-0.51504
-0.52992
-0.54464
-0.55919
-0.57358
-0.58779
-0.60182
-0.61566
-0.62932
-0.64279
-0.65606
-0.66913
-0.682
-0.69466
-0.70711
-0.71934
-0.73135
-0.74314
-0.75471
-0.76604
-0.77715
-0.78801
-0.79864
-0.80902
-0.81915
-0.82904
-0.83867
-0.84805
-0.85717
-0.86603
-0.87462
-0.88295
-0.89101
-0.89879
-0.90631
-0.91355
-0.9205
-0.92718
-0.93358
-0.93969
-0.94552
-0.95106
-0.9563
-0.96126
-0.96593
-0.9703
-0.97437
-0.97815
-0.98163
-0.98481
-0.98769
-0.99027
-0.99255
-0.99452
-0.99619
-0.99756
-0.99863
-0.99939
-0.99985
-1
-0.99985
-0.99939
-0.99863
-0.99756
-0.99619
-0.99452
-0.99255
-0.99027
-0.98769
-0.98481
-0.98163
-0.97815
-0.97437
-0.9703
-0.96593
-0.96126
-0.9563
-0.95106
-0.94552
-0.93969
-0.93358
-0.92718
-0.9205
-0.91355
-0.90631
-0.89879
-0.89101
-0.88295
-0.87462
-0.86603
-0.85717
-0.84805
-0.83867
-0.82904
-0.81915
-0.80902
-0.79864
-0.78801
-0.77715
-0.76604
-0.75471
-0.74314
-0.73135
-0.71934
-0.70711
-0.69466
-0.682
-0.66913
-0.65606
-0.64279
-0.62932
-0.61566
-0.60182
-0.58779
-0.57358
-0.55919
-0.54464
-0.52992
-0.51504
-0.5
-0.48481
-0.46947
-0.45399
-0.43837
-0.42262
-0.40674
-0.39073
-0.37461
-0.35837
-0.34202
-0.32557
-0.30902
-0.29237
-0.27564
-0.25882
-0.24192
-0.22495
-0.20791
-0.19081
-0.17365
-0.15643
-0.13917
-0.12187
-0.10453
-0.08716
-0.06976
-0.05234
-0.0349
-0.01745